1827
1649
1716
1057
1363
1596
1753
1021
 394
 237
1994
 343
1469
1150
 838
  36
1641
1446
 102
1216
 246
 605
 952
 940
1458
 234
1885
1177
 820
1787
 384
1259
 911
 153
1180
1042
 564
2000
 603
1305
1825
1193
1892
1087
 797
 187
1917
 166
 469
1120
 405
1530
 839
 664
1356
1225
1937
 158
  82
 196
1941
 480
1733
1751
1736
 900
1466
 687
 173
1368
1074
1240
1523
1548
 125
 101
 348
1742
 519
 516
1436
 457
 150
1705
 233
 682
1748
 924
1076
 639
 637
1955
 775
1499
 982
 669
1608
 413
1628
  93
 485
 626
1672
1203
1390
1625
1378
1900
1052
1403
 148
 732
1137
 257
  20
1213
 157
 863
1315
1891
 536
2044
 515
1503
1872
 947
 676
 123
1582
 556
 268
 773
1972
1088
1526
 609
 840
1511
1286
 818
 783
1721
1104
1327
1048
1128
1129
1206
 578
1254
 463
 753
1426
1205
1464
 915
 228
1341
1508
 551
  45
 758
1041
1053
 560
 610
1683
  62
 597
 789
 309
1653
1117
1207
 217
 462
1397
 634
1786
  38
1814
 703
 308
 949
1113
  25
 722
 546
1819
 689
1709
1946
 135
2019
 846
2009
 451
1567
1978
1200
 583
  89
1493
 748
1039
1163
 262
1905
 151
 278
1589
 769
 932
2010
 604
 822
1152
 569
1176
1544
  92
1014
1278
1993
 807
 890
 616
1388
   6
1476
1922
 215
  95
 893
 461
1741
  39
1449
 503
 511
1651
 434
1202
  56
1086
 171
 369
 657
 592
1384
1983
1823
 882
 581
 951
1090
1510
  42
 465
 456
 260
 948
 374
1659
1349
1928
 360
1447
1486
 938
 364
1969
1590
 767
1296
 725
1835
1190
1317
 276
1273
1911
1311
 500
 953
1755
1571
1595
 337
1154
1450
1849
 674
1463
 810
 476
1619
 586
1365
1904
 112
1575
 683
 559
1707
 223
 291
 736
 108
  87
1549
1574
1465
 178
 192
1326
 149
1673
1231
1019
1889
 316
 298
1525
 305
1239
1387
 100
 834
1217
 558
 230
 226
 879
1406
 824
1680
 876
1402
 382
 395
 961
1570
 692
1975
1302
1632
1051
1802
1290
1444
 728
 505
2037
 925
1527
1539
1554
1277
 970
 707
 220
 385
1215
 295
1588
 577
2015
1108
1375
 667
1045
 255
  58
1565
1460
1973
1594
1413
 636
1416
1676
2039
 419
 241
1109
1714
1612
 287
1804
1306
1276
 540
 249
1354
1682
  79
 719
1644
1546
1908
1579
 254
 871
 293
1420
1082
 126
 436
1283
1089
 346
 277
1362
1671
  32
1139
 213
 787
 529
 553
1160
1061
1763
1977
 494
1962
 400
 672
1309
 600
1684
 239
1591
 714
 555
  63
 656
 904
1505
1818
 202
 816
 377
1291
  61
 152
 333
 872
 922
1036
 206
1319
1686
1218
1385
1208
1068
1771
1250
 284
1172
 864
1255
 292
1282
 199
 447
1681
1538
1752
 926
 760
 167
 288
1081
 744
 406
 852
1529
 566
 200
1080
1249
1679
 752
1995
 111
 594
 768
  96
 502
1696
  29
 772
1942
 927
1046
1701
  53
 677
2018
1726
1521
 742
 548
 658
1598
1861
 997
1654
1289
 873
 621
1668
 161
1793
1532
 356
1740
 598
1879
 554
1175
1829
 381
  80
 690
 474
 490
1224
1857
1859
 654
1926
 181
 930
1592
1564
 967
1043
 741
 513
1423
1562
1766
 145
1528
  23
 712
 865
1799
 737
1945
1247
 322
1271
1096
 221
  21
 709
  85
1223
 909
 648
1103
1182
1772
1111
 363
 487
1424
1427
 980
1991
1761
1127
1132
 762
1768
 618
1313
 526
1405
1353
1199
 132
1845
 426
1330
 867
 180
 633
1929
 765
1295
2011
 937
 665
 827
 713
1442
 185
  17
1639
 499
1687
 174
 227
1275
 352
1329
 445
 954
 440
  12
 264
1425
 632
1484
1119
1647
1987
 339
 972
 478
  51
1022
1765
 590
1577
 571
1153
1398
 422
 957
1803
1699
 216
 697
1627
 127
 403
 134
 615
 492
 857
1343
1037
 497
 734
 640
  71
 415
1241
1169
 901
1017
1121
 837
 359
2041
 854
 568
1489
 357
1483
 116
1001
1473
 479
 862
 435
1185
1586
1558
 444
1432
   3
1181
1800
1792
 218
1791
 475
1860
 965
 294
1015
 739
 312
 240
  66
1462
1854
1645
1578
 678
 331
 999
1817
1407
 774
1670
1188
1261
1886
 580
1883
1133
1749
1934
 835
1220
  31
  72
 641
 855
 955
 109
 729
2048
 587
1643
1743
 136
 575
  13
 887
   7
1335
 464
 735
2005
1145
 117
1214
 528
1069
 201
1552
1956
 286
1831
 614
1105
1866
1024
1720
 327
 619
 918
 370
1852
1221
1441
 347
1808
 489
 898
 612
 244
 304
1656
 966
1636
 473
1635
1272
1055
 613
1957
1723
1242
1711
1667
1095
 163
 996
 673
  44
 681
1990
 345
 488
1304
1067
 764
 647
 272
 574
1257
1815
1512
1023
1677
 144
1851
1347
1373
 353
1830
1556
 847
1930
1703
1078
1260
 778
1431
 418
1976
1143
1248
1345
 544
1788
1245
1210
1725
1811
 552
 700
1320
 596
1737
 888
1774
 836
1342
 956
1551
1760
1938
1325
 439
1264
 929
1812
 860
 724
 446
1256
1547
  27
 959
 944
 387
 427
1016
 931
 620
 186
 781
 404
 815
 617
1601
1101
 985
 160
 809
 561
  73
2014
 934
1674
 300
 740
 779
1453
1996
 398
 644
1009
2001
1414
1884
 805
 128
 522
 520
 530
1141
 140
1718
1392
1971
 453
1372
 103
 236
 903
 430
1868
1324
1540
 726
 310
2028
1698
 214
 299
1336
1878
 362
 410
  88
1897
1116
 414
1496
1542
1050
1147
 188
1572
1201
1734
1943
 458
 252
 477
1846
 169
2024
1167
1836
 919
1798
 693
1719
1621
 987
1890
 296
1924
1228
 711
1419
1451
2017
1018
 950
 535
1842
 209
1638
 525
1697
1083
 290
 584
 770
1328
 804
 550
  24
  47
1689
1455
 538
1781
 115
 340
 720
 906
1063
2023
 338
1222
1566
 899
1316
 521
 168
1887
 782
1338
 297
 630
 159
1506
 563
 543
1618
  74
 194
1661
1603
 850
1124
  81
 501
 978
1821
  22
1869
2038
 392
2021
1692
1284
1233
1881
1459
 393
 183
  90
1870
 390
1418
1739
1637
1700
1620
1826
 666
 454
1445
1140
1691
1730
 981
  50
1998
1615
1898
 811
1035
1292
 754
 675
1841
 122
1219
 914
1477
 706
 661
1650
1862
 481
1187
2032
 557
 189
 344
 332
1778
1389
1713
1867
1745
 421
 156
 263
  43
1411
1468
1500
  15
 247
 253
1931
1910
1148
 776
 814
1098
1894
1246
1428
 368
1179
 432
1903
1948
1824
  19
1404
 110
1412
 746
1487
 844
1497
1516
1062
 493
   4
1077
 588
2027
 979
1079
 785
 708
  40
 119
1125
1155
1073
 945
2025
1197
1480
1646
 606
 383
1609
1535
1421
1346
 248
 259
1606
 486
 936
 998
 376
1896
1810
1732
2036
 599
1485
 235
  48
 313
1439
1106
 468
1396
 933
2012
 317
1452
 302
2035
1004
1688
 784
 984
1899
1809
 323
 471
 371
  59
 921
 184
 786
1142
1355
1949
 472
 705
 851
 928
 507
 443
1479
 205
 506
 282
1599
1186
 229
 542
 791
 694
1114
 182
1437
1927
1433
1770
1839
1921
 509
1122
1386
1195
1471
 635
 179
1032
 651
 766
 793
 190
 771
1557
 496
1923
 755
1695
1443
1690
 514
  28
1371
 208
  99
1970
1280
1966
 875
1953
1933
1044
 763
 466
 655
1776
2022
1999
 120
1631
 642
1038
 467
 701
1492
1629
1366
1858
1888
 643
 892
 401
 350
 579
1522
 375
 912
 243
1267
 829
 833
 843
1300
1950
1563
1666
1178
1230
1600
1379
1268
1833
1381
1893
 870
 638
1610
1935
1515
1502
 908
1640
 884
1785
1597
 958
 759
 162
 545
 902
 367
1170
1126
 311
 130
 549
1352
1960
 531
1624
 877
1633
 266
  34
 532
1364
1066
1895
1634
 416
 301
1587
 449
1333
1006
 910
 517
1832
1550
 273
1520
1409
 716
1758
 409
 585
1357
1710
 659
1097
1376
2043
 602
1092
  54
 974
 325
1560
1648
1517
 946
 806
 222
1604
1906
1958
1663
1360
2045
 211
1693
1652
1269
 869
1611
1258
1915
 880
1537
 232
1822
 975
 321
1507
 191
 326
 425
1789
1685
 285
1065
1298
 195
1064
 484
1543
 265
1754
 756
1440
 848
1091
 379
1747
 397
1000
 306
1865
1519
 203
 595
1146
1779
1211
 723
  75
 314
1794
1782
1555
 424
 147
2003
1913
1102
 831
1033
1270
1746
1130
1448
1706
1478
 823
1131
1174
 207
1100
 391
2020
1875
1075
1060
1028
 261
 534
1784
 935
1545
1094
 402
1025
 245
 660
 238
 307
 491
 342
1294
1013
1301
 727
 715
 881
1010
1984
1158
1678
 895
1323
 907
1358
1925
 250
   1
 210
 504
1029
1461
2034
1287
1536
1236
 649
1561
1807
 828
1274
 455
1008
1253
1622
1226
 780
1616
1470
1234
 802
1630
  35
1735
 995
 751
1769
1047
 920
 671
   9
1344
 730
 813
1992
1954
 279
  55
1664
1837
1513
1840
1605
1773
 991
1238
1844
 412
 625
1474
 629
 859
1070
 891
1919
 324
 738
1874
 627
 973
1796
1623
1828
1501
 830
1584
1762
1422
 512
 411
 366
1237
 819
 685
1209
1391
 334
1744
  37
1797
 407
1026
1581
 628
 258
2004
 623
1380
1161
1059
1974
1801
1494
 624
   5
1850
  86
1675
 798
 939
 224
 197
1491
 988
 608
 878
1340
 913
 176
1864
 212
 989
 591
 319
1337
 582
 386
2033
1003
1968
 433
1058
 858
1308
1085
2029
 274
1265
1775
  68
1157
1348
1847
 349
1005
 688
1724
 607
2046
 801
 198
 663
1727
  14
 704
1738
1159
1056
 460
 107
2026
   2
1504
 710
2042
1430
1049
1285
1964
 510
  57
 986
2006
 866
1136
1902
1912
 121
1816
1454
1212
 482
 508
  16
 547
1694
1914
 137
 527
1559
1820
 960
1322
 567
1843
 826
  64
 803
  78
 129
1947
  30
1583
1729
 990
 133
 541
1369
 885
1593
1660
 743
 533
 849
 800
 645
 170
1288
1118
1728
 483
1472
2031
1198
2002
1151
2008
 812
1166
1524
1482
  91
  97
1997
1848
1457
 964
 175
1183
1196
 441
1156
1553
1959
 794
1708
1952
 155
1374
 562
 431
 941
 832
1617
 874
  46
1988
 428
 177
 905
 868
 679
  26
 733
1266
 396
1134
1370
1012
1307
 104
1722
1383
1805
 165
 330
1263
 193
 320
1093
2007
 796
1382
 611
 717
1655
 976
 942
1361
 650
1112
1244
1936
 275
 329
 593
 662
 808
1920
 861
1568
1951
 699
 408
1235
1002
1880
1401
 271
 495
 355
1534
1456
 438
1780
1011
1299
 142
 389
 842
1989
1310
1790
1144
1873
 896
 652
 138
1438
1967
1495
 886
1084
 817
 702
1040
  76
   8
1704
1475
1408
1541
2030
  94
1252
 845
1488
 429
  60
  69
 442
1982
1171
 204
1138
1531
1509
 923
  70
1007
2013
 825
1932
1916
1192
 680
1377
 994
1184
1715
1573
1312
1813
1806
1232
1777
1339
  33
 668
1871
1314
1607
1626
1303
 452
1940
1580
  49
 792
1394
 328
 146
 686
1965
1149
  18
1227
 539
 962
 113
 698
1334
 448
1110
1717
 105
1435
1168
 841
 267
 365
1767
 570
 761
 283
1657
 154
 114
 336
 757
1855
1191
1279
1759
1293
1429
 524
1229
 164
  11
1498
 281
1613
 420
 280
 894
 378
 653
1031
 897
 963
1665
 968
 372
 573
 670
 437
1165
 341
1281
1107
2047
1795
1410
1194
1393
1189
 883
1569
 459
1662
1030
 139
1481
 358
1243
 523
1434
1072
1764
 256
 124
1985
 354
1204
1399
1533
1467
1863
 318
  83
  67
 380
 992
 470
 977
1395
 518
 889
 242
 993
 576
 943
 303
1658
1576
 799
1856
1162
 399
1400
 691
 269
1034
 790
 788
 718
1164
 231
1877
1783
 684
1297
1961
1054
1986
 388
 219
2016
 315
1909
 622
1251
1518
 417
1757
 106
1332
 589
 361
1367
 631
1135
1981
 289
1415
  10
 853
  84
1020
 141
 423
1417
  52
1123
 721
1907
1731
1669
1115
 750
1944
 270
 335
1350
2040
 251
1585
 118
1359
 572
1750
 601
1853
1939
1490
 983
 498
 646
1979
 731
1351
1980
 131
 969
1834
1876
  77
1918
 917
 450
  65
1901
 795
1318
1642
1712
 565
1071
 971
 537
1756
 777
 373
1614
1321
 747
 745
1331
 695
1602
  41
 821
 749
  98
1173
1882
 143
 916
1262
1702
 856
1027
1838
 696
1514
 172
 225
1963
1099
 351
