1372
 120
1023
 132
1404
 893
1495
 203
 205
1935
 103
 738
1214
 129
 440
1926
1378
  45
 287
1438
1750
 640
1931
 959
 231
1431
1381
1298
 435
  10
  74
1228
 306
1227
1218
1908
1996
1638
2047
1974
 990
 549
1054
 667
1481
1992
 662
1886
 660
1857
2026
 626
1160
1870
 939
 763
1599
 734
1345
1653
 266
  90
 810
 679
  32
 554
1296
 772
 465
1785
1207
1644
1064
1611
  22
1433
2022
 754
 232
 661
 781
1290
 630
 418
 933
 574
1466
  78
 994
1420
1940
 718
1876
1769
1978
1468
2023
1570
1956
1007
 698
1660
1405
 543
1758
 421
 202
2039
1719
1878
1305
1083
 824
 278
 706
 601
 180
1267
 984
1692
 989
 792
 560
1722
 399
1689
 934
1929
 526
 553
 997
1143
 695
 248
 798
 447
1810
1399
1062
1441
1497
 294
 327
 571
1795
 271
1393
 682
 963
2002
1991
 946
 507
1588
 614
1517
1850
2043
1535
 834
1389
1612
1161
1189
 355
 815
 799
 212
1514
 297
1401
 972
 373
  79
1681
1921
1015
1375
1376
1998
1066
 938
 531
 676
1428
1269
1561
 786
1329
1486
1971
 404
 967
 635
1412
1107
 905
 128
1013
1093
1429
1618
 317
1184
 620
 806
1999
1648
 666
 109
1283
2035
 659
 472
1656
1809
1714
  55
1293
1036
1455
 563
 789
1423
1180
1647
1875
 707
1273
 413
1661
1963
1204
1234
 909
 410
 714
 143
  39
1721
1140
1691
 672
 748
 372
 875
1041
 209
 420
 809
1394
  34
 857
1044
 897
1425
1700
1489
 770
1838
1592
 891
 903
  43
 208
 854
 395
 691
1344
 104
  85
1773
1787
 127
 657
1688
1035
 319
 779
1605
1516
1846
1193
 705
1174
 493
2018
 490
1586
 955
 300
 730
 186
 315
 723
 117
1973
 615
 538
1072
1191
1558
1519
  98
 693
1406
1528
 741
1464
1252
 980
 389
1229
1248
 442
1680
  26
1294
 521
1087
1019
1080
 192
1200
1171
 890
1318
 658
 150
 412
1658
 573
1473
 215
 811
 837
1076
1707
 812
 839
1244
1266
1793
 588
1745
 607
1138
1771
 681
 687
1632
 444
1020
1884
 302
2048
 303
 174
1873
 218
1754
1270
1011
2003
 866
 142
 322
1825
 323
1003
1231
 357
1039
1025
 398
 170
1437
1459
1169
 233
1678
1059
1418
1909
 998
1398
1976
1073
2014
1804
 254
 162
1717
1125
1058
 252
 833
1781
1889
1993
1756
 612
  20
 263
 911
1179
1728
 453
 566
  24
1407
1797
1907
1071
1335
1291
1616
 405
 524
1507
 728
1163
1784
 572
 649
1096
 712
1272
 832
1050
 246
 921
 368
1890
1237
 605
 275
 160
1943
 900
 912
1863
 245
 417
1386
  70
1289
 256
1182
1070
 276
1885
1379
1194
 795
 388
1474
1966
1724
1494
1485
1493
1430
1488
 207
1566
1045
  67
1478
 364
1807
1710
1652
 469
  16
 434
2000
1349
1748
 908
1559
 106
1997
1383
1501
 726
1500
 703
 922
1512
 204
1753
1579
2040
 713
 769
 219
 664
1121
1738
1115
 108
 182
 882
1232
 949
 211
 544
 281
 576
 954
 282
 152
1275
 923
1498
 329
2004
 631
 467
1114
 606
 277
1130
1390
1925
 892
 491
 478
1577
1532
 641
  47
 830
1249
 663
1453
1712
 724
 394
 164
1674
 149
 238
 519
1796
1152
1988
 239
1212
  12
 796
1636
1917
 175
 940
 367
 375
1696
 971
1614
1241
 273
 163
1879
1970
 853
1824
1736
1968
1136
 131
 708
1320
 466
1128
1938
 711
2041
 494
2037
 916
1711
1106
 230
1821
1075
 873
1031
1732
 717
 429
1567
   9
 625
1946
 259
1779
1487
1051
1730
1760
1573
 847
 122
 881
1325
1866
 362
1111
  83
1759
1965
1443
1597
 386
1832
1915
1499
1056
 270
2033
1292
 346
 501
 497
1740
 913
1250
1545
1686
 424
 338
 677
1213
 861
  66
1551
 264
 535
 456
1367
 628
1209
 214
 390
 509
1617
1625
 887
1295
  61
1556
1185
 454
 225
 240
1129
 591
1892
 957
1859
1923
 339
1215
 632
1387
 902
  14
 111
1132
1069
 611
 910
  53
 951
1564
 188
 756
 655
1032
 970
 309
1813
 260
1120
1563
 884
 699
 255
1262
1861
1245
  46
 137
1864
1654
1816
 704
1197
1170
  42
1006
1288
 502
 740
 193
1782
1442
 898
 821
1012
 140
1802
1018
1175
2008
1780
2012
 901
 486
 414
1543
 366
  92
 869
1315
1902
1657
1165
1475
1496
   2
 236
1395
  37
1046
1388
 729
 452
1811
 889
 437
 436
1895
 530
  27
 709
 505
 850
1762
1369
1141
 455
 200
 878
 931
 349
 978
  11
 736
 171
 217
 564
 668
 650
 914
 380
  82
1126
 402
2027
1552
 964
 449
 775
 359
 737
 561
 513
 194
1205
 782
1817
 613
1842
1346
 818
1316
 222
1704
1734
1881
1470
 243
1456
 558
 975
 172
 332
1217
1081
 510
1203
 321
1587
 112
1208
 841
1230
1537
1099
1729
1916
1236
 385
 393
 783
1568
1934
 935
 840
 562
1533
1708
 522
 146
1987
1178
 589
1014
1048
1853
1444
1572
  38
1727
1633
 768
1268
 416
 136
1216
 701
1819
1029
2030
1767
1620
 383
1735
1951
1259
1280
1299
1882
1709
1713
1397
 863
 198
 986
  21
1529
1432
1815
 732
  71
1153
1871
 166
1924
 590
 758
1823
1210
  69
 517
1576
   5
1117
 201
1224
 595
1671
  36
2013
 285
1675
 995
  91
1462
1624
1421
1482
1985
 604
1287
1904
 581
 592
 829
1851
1282
 678
1702
1353
 121
 475
1416
1326
 356
1608
 244
 474
  29
 461
 618
  95
 537
1805
1022
1415
1135
 439
1370
 268
 224
1355
 415
   4
1591
1737
1720
 269
1959
 185
 673
1334
 610
1603
  51
1901
 599
1827
 441
  81
 608
1521
  13
 784
 213
 988
1251
1085
1479
 134
 644
1585
 888
1980
 358
 835
1655
 292
 220
 948
 731
 823
 241
1930
1520
1522
1145
1741
1715
1490
1598
1321
1639
 459
1739
1446
1604
1553
2045
 161
 927
1476
1451
1077
1937
 249
1601
 646
 527
1607
 930
1694
 899
 598
 345
1690
 370
 582
1472
2001
 139
 670
  17
1033
1508
 529
 125
1768
 575
 872
 363
1452
  76
1357
 177
 895
1061
1960
1664
 844
 813
 636
1513
 485
  15
 518
1792
 634
1256
1257
1698
 343
 157
1509
1725
 617
1471
 555
1684
 168
1634
1004
2036
1631
  48
1662
 155
1038
1307
1122
1922
1154
1187
 683
1856
1596
 354
1820
1818
1544
 311
1040
 665
1260
 987
1102
1836
1834
1524
  80
1955
 647
 167
1523
1450
1147
 807
 886
1104
1578
  60
1220
 257
1548
 280
1146
1650
1277
1449
1090
1862
 860
 696
1531
 228
 587
 477
 318
 284
 831
1098
1897
 759
 310
1196
  93
 761
1458
 448
1950
1602
1239
 427
1263
 962
 808
 158
1540
1403
 747
 547
1847
  73
 189
1742
 324
 583
 341
2029
1865
1550
 425
1984
 685
1682
1837
1461
 937
1491
 843
 702
1065
1358
1164
 119
1583
1743
1858
1539
1124
 304
 593
 342
 381
 445
 508
1828
1830
 326
1798
 267
 464
 190
1352
1569
 710
 584
  44
1108
2016
1883
1365
1034
1419
2034
1149
 856
2021
 654
 757
 550
 800
 941
1854
  64
 151
 499
 570
  59
2005
1790
1626
 765
 334
1766
1764
 293
1958
1300
1309
 480
1243
2019
1172
 750
1995
1699
 116
1084
1893
1168
1067
 629
 817
1808
1377
1613
 291
 432
 227
1327
  31
1615
1374
1630
1775
1323
 159
1777
1679
 458
1989
1541
 958
1159
 295
1274
1949
1595
1068
1052
 883
1361
  96
 179
 596
 814
1176
 947
 520
1765
 347
 178
 298
 894
1957
1226
 500
 787
1629
 360
 532
 567
 340
1222
1137
1030
1994
 656
1492
 742
 801
 498
1757
 511
 369
1667
1855
  77
1829
1265
1359
 113
1119
 384
1350
 953
1385
1338
 924
 633
 397
 443
 936
 982
1314
 778
 568
1600
1302
1105
 983
1575
 371
 504
 932
1635
1942
 692
 639
1341
 351
 176
  75
 229
2011
  54
 722
 206
1110
1426
 169
1668
1687
1584
1057
  35
1906
1903
 973
 674
 124
 746
1328
 457
  62
1562
 473
 286
1763
  58
1515
 586
 974
 330
 411
 496
 851
 301
1705
 735
1948
1414
1669
 653
 181
1981
1623
1843
 926
2038
1303
1776
 803
1538
1665
 827
1733
1582
1384
 288
 234
 197
 262
1786
 689
1701
1297
1852
1010
1593
1731
1422
1157
 577
 336
 671
1332
1183
1868
1408
1526
 774
1511
1646
1621
1330
  28
1683
 460
1920
 308
 488
1580
 976
1281
1894
 580
 382
1693
1074
 403
  50
 503
 877
1546
  25
 242
 981
1643
1672
 430
 645
 512
1910
 118
1536
 966
 638
1835
 450
 313
 337
 377
 484
 991
 307
1849
 528
 237
1986
 790
1027
 956
1116
 569
1927
 788
1139
1547
 541
1177
 648
2020
 101
1343
 868
 187
   7
 616
1609
1285
1242
 184
 942
1049
 153
1221
 525
 733
 842
 819
2006
 992
 365
 226
 387
1078
1356
1799
 700
  40
 551
 969
 652
 331
1211
1371
1021
 862
1043
1088
1238
1166
1400
1505
 797
2032
 622
 979
1195
 825
1253
1947
1581
1800
1354
 350
 433
1919
 258
1101
 361
1246
 514
1417
 130
 438
1000
  23
 406
1333
1503
 299
1142
1932
 791
1424
1565
 481
1751
 764
 391
1118
 836
1663
 848
1982
 261
 996
1560
1706
 250
1990
1918
1962
1839
 876
1317
1726
1703
1534
 766
 426
 487
1772
1983
1392
1026
1286
 247
1186
1912
 684
1447
1628
 755
1235
1347
  63
1324
1131
  52
1899
 867
 762
 745
1969
 462
 516
 870
1860
1666
 431
1972
 468
1047
1005
1627
 272
1254
 133
 451
 539
 637
 471
1001
2009
 960
1100
 609
 917
1826
 251
 785
 929
1255
 548
1427
1113
 777
1898
1640
1645
 780
 476
  33
 183
 621
 578
 148
1954
1770
   3
 506
 216
1542
 557
 147
 316
2007
 805
1936
1831
1181
1896
1977
1362
1914
1134
 335
1506
1941
1123
 686
 328
1445
1162
1504
1939
1339
  65
1844
 265
 565
 154
 739
1261
1097
1677
 115
 820
 794
 141
 126
1042
1900
 376
1791
1477
 965
1086
 102
1351
 333
1673
 559
1201
1133
 675
 100
1557
  99
1127
1527
 290
 753
1622
2025
 540
 279
 690
 826
1063
 105
1028
 993
1952
 804
 479
1872
1945
 773
 274
 428
 651
 943
1467
 409
 752
1284
2046
 379
1510
1304
1697
1348
 165
 199
1103
1009
1833
1308
1606
2024
1814
1311
 871
1676
 289
 221
 855
 623
 597
1874
 602
 727
1409
2044
 123
2010
1312
1247
 920
 135
2017
1402
1188
 669
  88
1396
1144
 235
 828
1008
1928
1082
  41
 396
 138
1723
1454
 907
  19
 945
 483
 694
  89
1313
1366
1173
 352
2015
1594
 446
 865
1440
1483
1659
 721
1887
1880
 952
1778
1439
   6
1278
1223
1755
 944
 846
1306
 223
 919
 985
   1
 925
 546
1448
1610
1322
1279
1060
 489
1091
1905
1055
1788
1465
1094
 195
1017
 697
1747
 719
1480
 515
 849
1530
1337
1151
1718
1092
 767
1642
1774
 600
1109
1364
 156
 173
 720
 816
1198
 407
 423
 556
1264
1024
1841
 552
1363
1888
1716
1463
1961
1641
1037
1202
1484
 114
1589
1555
 961
1574
 312
1822
1382
 885
 400
1649
  97
1783
1089
1301
 305
1457
 642
1360
 325
1016
1801
 906
 858
  18
 776
 896
1095
1619
1891
1276
1752
 744
1368
 627
 859
  84
1979
1240
 716
1670
1155
 688
 408
 999
 314
1206
1258
1806
1571
 419
1411
 977
 534
 542
 210
 822
1549
1167
1233
 579
 968
1944
1336
  86
2031
 470
 915
  68
1913
 624
1789
1933
 296
1112
 918
1590
1271
1869
1435
1812
1518
1053
 191
  57
 378
 107
  72
 743
1685
 585
1964
 110
 253
 838
1434
 536
1380
  30
 793
 283
 880
  87
1190
1469
 874
1749
 144
 348
1502
1373
1319
 422
1911
 928
1158
 715
1637
1342
1554
1199
 760
 603
 196
1967
1877
1225
   8
1410
1794
 751
1867
 145
1413
 619
 771
1331
1436
1848
1651
1744
 904
1150
 495
 344
 749
1156
 802
1340
  94
 482
 492
1695
 950
 545
 845
2028
 725
 643
1525
 852
 374
1840
1460
1148
2042
 533
 864
  49
1391
1310
 879
 463
 353
1219
1002
  56
 523
 680
1761
 594
 320
1803
1079
1975
 401
1192
 392
1953
1746
1845
